99999 
0806702102077941770153200023548600000000169308100970511
155482040000132583750964000009609497288708300710000070 
157421040000132272931420000010409496288808301530000039 
159559040000131948582458000007209496288808300460000080 
99999 
0806702102077941770153200023548600000000169308100930471
137028040000136226477302000011109498288808200140000042 
140011040000135563299098000009509498288708201200000053 
142720040000134983668512000009309497288808302850000069 
145402040000134432332067000009309497288708304130000043 
99999 
9401601102077845780153210007269800003000399460500761671
807823571324145693601229000007008726285406300120000059 
811968983097147075068225000007308726285406300800000085 
814626108496148001321595000007508726285406302700000066 
817389612631148996892972000007608726285406302000000095 
820703835420150232185791000007708726285406301580000065 
822168722039150791911190000007908726285406300370000071 
99999 
0806702102077825900153200016856000000100239404200470372
364419482458138117061644000004509412281007000380000000 
367562649124136936758992000004409413281207000550000000 
370335482458135941685390000005509413281007000470000000 
388930344723130668294396000004809413280307301470000000 
391471099440130172085148000004609414280507302570000000 
99999 
0606201102077406880153210000000000000000009406200670041
99999 
0606201102077406880153210000000000000000009406200670041
281090930214145194911312000009309385277505700030000000 
283419355023144179112693000008509385277505700070000000 
286325216995142925690487000009409385277505700090000000 
288254398091142104048864000010009385277505700020000000 
336940278658127946268135000004309385277505700060000000 
340968010484127666238860000005209385277505700190000000 
343861224603127573783010000005809385277505700350000000 
346306792598127567840833000005009385277505700310000000 
99999 
0802001102077845780153210007268600003000419460500771481
746551405310157940194363000007508725286007301840000066 
748486326356157769256883000007608725286007306720000005 
751639405334157507914284000008008725286007307150000072 
753661018350157351510937000007408725286007303790000070 
99999 
1000703102077825900153200016856000000400239404200540262
562294837270140955415797000005709412276308500200000000 
566130503937139189163869000005909410276308400160000000 
567691003937138497594122000005209410276208400220000000 
99999 
0802001102077941770153200023551300000000169308100620221
684600040000171760417639000000009536294305700010000034 
688765040000170816098239000005509537294305702330000070 
691382040000170239429653000005809538294305802950000069 
694598040000169548124901000006609539294305801790000081 
697734040000168892164092000007009539294305802590000076 
699521040000168526269348000006009539294305801440000068 
99999 
0505101102077406880153210000000000000000009406200870031
349171408555173870153111000008709389275706100010000000 
352721247139173173958751000001809389275706100030000000 
356175946454172525086413000012609389275706100040000000 
358422435802172117977530000008609389275706100040000000 
361255158793171620901757000001609389275706100080000000 
99999 
0802001102077845780153210007268300003000469460500671491
790467424520156020998012000006408726285906903140000073 
793846551616156047162804000007008726285906905120000082 
795415901920156068297879000006108726285906901390000002 
99999 
0802001102077845780153210007269400003000399460500841521
838995552518159189228868000007908726286207102140000007 
841478790179159530174994000008208726286207104440000093 
844596928884159985508522000008308726286207104110000000 
847455970527160429929524000008808726286207104790000001 
849904929313160831282123000008308726286207103100000062 
99999 
0505101102077845780153210007269000003000409460501231351
826946510687168165489819000012308726285706702980000011 
829482011037168904451502000011908726285706703570000074 
832707727959169874435158000012308726285706704140000000 
834475495457170419817707000013008726285706702280000091 
99999 
0505101102077845780153210007268700003000439460500711461
731597179650156776369572000006508725285908100150000096 
733668847588156716635435000007308725285908108430000005 
736246183914156657458963000007008725285908107430000095 
738580817261156618667151000006508725285908101660000088 
99999 
0806702102077406880153210005152900000000539406200730391
823621459833136154581059000007109378279705000380000000 
826525123669136577272227000006909378279705000520000000 
829529976295137068330567000007009378279705000540000000 
99999 
080670210207709005135320001613550000-900729304101040291
367912505798135867261307000010809866286708500830000096 
370455005794135338087295000010209866286708501630000081 
99999 
080670210207709005135320001613460000-700649304101150301
458882505822140350905506000011609873285808600120000070 
460430005822140961878763000011809873285808603540000080 
463440005818142195398810000011309872285808604180000075 
465422505866143039106388000011209872285808600780000081 
99999 
0606201102077090051353200016134300000000599304101230151
99999 
0606201102077090051353200016134300000000599304101230151
683860005812146058306087000012209874281409900280000071 
685425005748145417400987000012009874281409902550000080 
687635005808144515260592000014109873281609900450000077 
99999 
0606201102077090051353200016134300000000599304101120131
99999 
0606201102077090051353200016134300000000599304101120131
698127505802140321853726000010209872281809901690000077 
700467505780139417890177000011709872281909903710000090 
703495005778138271954361000011009871281809902390000083 
706377505804137209528977000011509870281309902130000081 
99999 
060620110207709005135320001613160000-500729304100840211
99999 
060620110207709005135320001613160000-500729304100840211
758480005776127499079661000004809868280909900120000001 
760475005798127631020704000006909868280709900340000079 
763737505808127940476867000008709868280709901640000012 
766497505800128292970316000008609868280409901550000095 
768577505794128613263445000008509869280109901080000098 
99999 
060620110207709005135320001613160000-500729304100920201
99999 
060620110207709005135320001613160000-500729304100920201
769962505802128852400642000009309869280109901980000092 
772152505818129272351656000009309869280209901620000083 
775800005770130083833731000008409869280009900860000072 
778202505802130693201539000009509869280009901180000072 
781965005844131763246608000009409869280209900250000086 
784460005820132548097271000008909870280309900200000067 
99999 
060620110207709005135320001613160000-500729304100910191
99999 
060620110207709005135320001613160000-500729304100910191
785845005792133008803852000007209870280309900040000069 
787185005798133471104263000011009870280509900180000068 
789802505858134419757471000006209871280809900130000091 
99999 
0606201102077825900153200016856000000200239404100570302
99999 
0606201102077825900153200016856000000200239404100570302
208636478850139095191982000005809402284505700440000000 
211608812183138508374472000005809401284305600620000000 
214499645517138024774994000006009401284005800820000000 
217481312183137618894872000005309402283805800830000000 
220813978850137279929008000005309402284005900500000000 
223627978850137089941677000005509402283805800760000000 
226286645517136992542402000006009402283805800670000000 
229527478850136982618445000005509403283805900930000000 
232811812183137094905768000005409402283805900760000000 
235382645517137268525962000006109402283506000910000000 
238328478850137559304998000005809402283306100990000000 
240735812183137868911938000006309402283306100440000000 
99999 
0806702102077810680153210010851200000000319401100700181
178853994802130134975362000006709128283707916780000099 
182171775002130386580143000006909128283807805110000061 
183543675002130510702253000006909128283807805760000062 
99999 
0806702102077941770153200023547400000000179308100970491
155482040000132583750976000009609497288708300710000073 
157421040000132272931432000010409496288808301530000042 
159559040000131948582471000007209496288808300460000075 
99999 
0806702102077941770153200023547400000000179308100930451
137028040000136226477314000011109498288808200140000045 
140011040000135563299111000009509498288708201200000039 
142720040000134983668524000009309497288808302850000072 
145402040000134432332079000009309497288708304130000046 
99999 
0806702102077406880153210005150900000000479406200670431
004777122616129050031461000002709413279804600050000000 
007924407171129123896011000004909413279804600190000000 
010712579908129261091183000007909413279804600240000000 
012810586566129409542407000006009413279804600190000000 
