99999 
0804601112067941770153200023537300000000099308100500331
001985040000131051091929000005009496290104910390000039 
004340040000131470913909000005109495290204913840000037 
99999 
0606201112067941770153200023536100000000089308100850331
99999 
0606201112067941770153200023536100000000089308100850331
107578040000141226540653000006909493289504900640000058 
109423040000140354768571000009309494289404900880000064 
111551040000139376803225000008809494289304900810000053 
99999 
0606201112067941770153200023537900000000109308100630311
99999 
0606201112067941770153200023537900000000109308100630311
188165040000133706427592000006509498290505201270000056 
189252040000134050256576000003309498290605100090000043 
99999 
0706503112067810680153210012013300000000479401101200121
445857075000131557510340000010109085288505805120000048 
455130375000133069498447000012109084288505501180000059 
459574975000133986251291000011209084288505305140000071 
488068975000142733283325000014409083289604802800000074 
489257875000143199168315000012909083289704800910000086 
99999 
0705202112067810680153210012014300000000439401101600081
446606575000148196791767000013809085288505801140000085 
448151175000148892923463000015909084288505804340000078 
99999 
0804602112067810680153210012013400000000479401100900181
451920375000131260846981000008909084288505603690000075 
458197775000131768396855000008609084288505404930000098 
469628175000133772035412000009509083288705103510000060 
99999 
1100901112067810680153210012013400000000479401102400071
449570975000132065482653000019809084288505705900000083 
457055975000133120677186000019809084288505405910000078 
493505775000145446554927000028109083289904608730000088 
99999 
0706503112068834100153200009433800002401229411201750341
380163957037135516284312000019209393287705605350000077 
381158966786135269329766000016609393287605701110000002 
403826490656130844663440000016109393289005404780000075 
405352506154130637720685000015609393289105401210000057 
99999 
0907003112067821280153210007497500000000269401101330312
457442120007129614296323000011609950302207605620000048 
459390780007129482358633000012109950302207602750000067 
467361800006129389506337000012809950302207602860000067 
469261060006129472805358000012609950302207603310000053 
482201236007131079573248000015109950302207601410000041 
484355728807131514408226000014809950302207602430000063 
487367516007132196624344000015309950302207601800000060 
490374902407132960760731000015309950302207601230000052 
493189120006133747109380000015009950302207601300000042 
99999 
1100901112067821280153210007500000000000409401101330002
535504560007128653994129000012609949301508106570000075 
538835980006128372967198000013209949301508105360000087 
541185830007128233118595000012409949301508104130000054 
554259890007128391914177000013509949301508101240000072 
556595630006128594149167000013809949301508104100000073 
558411120007128788540691000013609949301508101210000056 
565075330007129781415673000014609949301508101730000066 
99999 
1000701112067810680153210012012900000000459401101900101
506056075000127919503308000025709082290304100620000042 
566692175001146342606635000018609079289105202630000072 
567339475001146628848547000018009079289105203220000081 
99999 
1004102112067810680153210012013000000000459401101300951
455868975000133764724661000013109084288505501510000073 
456255675000133657057919000012409084288505403690000079 
99999 
1000703112067821280153210007496800000000229401101860292
655414220007135603554648000018509943301108501550000054 
658698920006135716013057000018409943301108501770000069 
661482700006135905609387000018909943301108501900000067 
670681659607137128683942000018809943301108501550000086 
99999 
0802001112067810680153210012013000000000449401101000941
511927996999170003753033000011309082290504003970000071 
514550644999169092757201000011809082290604005050000070 
516515922499168424542039000011109082290603901660000070 
557513775000158190522684000008209080289004906930000073 
559686175000157881506247000007909080289005004660000079 
561094275000157695001435000010809080289005000160000042 
99999 
0804601112067845780153210007647700003000329460500821541
800911073623129328529703000006708689283908300130000072 
802591433260129539398827000008308689283908303640000097 
805439122238129953171954000008008689283908302040000081 
99999 
9401601112068834100153200009436400000101169411201430261
673949477600138805869007000014809396286506706790000013 
676591504254138361859205000014109396286406707910000088 
678289521346138093679232000013209396286406701570000093 
99999 
0804601112068834100153200009437700000001149411201560291
749037684465132686929975000015809402284408003080000096 
751467709408132082274361000016609402284408006360000066 
754595741085131357233754000015509402284308005530000068 
757469770821130746739022000015109402284208103500000062 
759888795745130276255556000013809402284108102690000097 
99999 
0804601112067810680153210012012800000000389401101000121
806284275001130623216776000008409091285008100760000055 
807557075001130886390976000009409091285008100520000068 
811821575001131870084358000011509091284808200630000054 
818406275001133690562003000010409091284608301040000040 
819652975001134075279690000009609091284608301500000077 
99999 
0705201112067810680153210012012200000000399401101000031
810605175000132490630452000009909091284908203340000052 
815992675000131122901049000008909091284708200160000059 
816617975000130979172281000010009091284708304400000060 
017609075000137131406311000011009089283210004650000025 
018012075000137297618625000012309089283210000070000036 
99999 
0907003112061868590153200022258700000000009400001281281
481620196908128205807964000012809811296808900110000000 
99999 
0907003112067090051353200016141000000000539306100660161
392740005782130972359703000005209826290306400130000056 
394432505796131104534933000006509826290206400490000066 
397610005766131416220632000007109827290206400350000046 
99999 
1004103112067090051353200016141000000000539306100880101
415872505764138556411480000008909831289906402580000091 
418272505810137924490892000009209832289706403200000075 
421880005806137053573303000008409832289306401910000059 
424540005756136472520073000008809833289106401370000062 
427297505724135925056910000008009833288706400670000079 
430050005830135434186643000009309834288506400430000052 
99999 
0806702112067090051353200016139400000000519306100830281
515382505786141038421480000008709835288506400290000075 
517657505850140511537030000008309835288606402970000072 
519100005750140204226723000005409835288606400150000040 
99999 
0606202112067090051353200016139400000000519306100910201
539520005776139265993947000008509834288406400270000094 
540827505846139215984566000009409834288406400490000095 
99999 
1004103112067090051353200016139400000000519306100980201
542505005768144848559211000009309833288406400380000077 
543712505802145061739287000010109834288406400530000061 
99999 
0606202112067090051353200016139400000000519306100880261
560685005764138602136580000008509833287806700400000073 
562535005758138558227623000008309834287806701830000088 
565650005764138490039106000009209833287806701920000077 
568480005800138434876218000009409834287906702570000089 
570777505722138395327623000007809834287906701170000093 
99999 
0706503112067090051353200016139200000000529306100910241
629697505752135355967348000009709837284908100710000005 
631552505738134984646139000009409836284808102900000089 
634480005764134420627573000008709836284808101940000077 
636577505748134034561304000008209836284708100440000071 
99999 
1100901112067090051353200016139200000000529306100830161
638550005744130308860963000007309836284708200250000068 
640245005774130613274282000008409836284808200370000063 
642300005756131020626224000010909836284708200040000038 
99999 
11009011120670900513532000161413000-1700499306101440221
668435005728139288249685000008009839283808300040000092 
670747505804140236528733000016009840284008300120000053 
99999 
07065031120670900513532000161413000-1700499306100780371
672902505798130949838669000008109839284108201510000096 
676690005762131144496334000007409839284208201300000067 
678160005742131251340085000007109839284208200060000048 
99999 
10007011120670900513532000161413000-1700499306100780251
680085005750128717127073000008309838284308200690000071 
681875005764128690027221000007609839284208201190000076 
685832505740128734452408000007609838283908200720000083 
687197505764128782465178000007609838283808200160000003 
99999 
10041021120670900513532000161413000-1700499306100880251
689765005810134017067539000007909838283708400060000083 
692802505756133167477497000008809837283708400200000091 
701055005784131147010541000008709836284408400500000046 
703260005746130686570766000008809835284508400640000077 
705452505810130265040523000009309835284608400070000049 
99999 
0705201112067840350153200009295800000400459450601570461
000542890595133708876351000015710053286909303270000000 
003001903784133086451450000015210053286909302020000000 
031797244760130425202814000016010052286609302160000000 
033009410364130515394480000016910052286609300740000000 
99999 
1004501112067825900153200016853500000600259404200710312
195121712156233353780377000003009238281507800070000000 
200101900835234533923591000006309238281307600060000000 
206079636684235999615348000008309240281807600080000000 
209617938571236891243996000008009240281507700070000000 
211872089514237468279991000007009241281307800060000000 
99999 
0606201112067406880153210005182900000000279406201000261
99999 
0606201112067406880153210005182900000000279406201000261
014811573124147304959111000011009255282503600030000000 
016430611197147984715508000007409255282503600110000000 
019763752367149386893008000012709255282503600120000000 
022567332334150566669220000006609255282503600090000000 
024185250525151246680449000010009255282503600010000000 
035505692927155951742447000010009255282503600010000000 
037228093448156654975937000003109255282503600030000000 
99999 
0806702112067406880153210005178900000000209406200870461
122618434302141087660208000008909241281003900040000000 
124973804488140971088803000006009241281003900110000000 
127410572376140913791783000006909241281003900140000000 
130239442739140927747387000010109241281003900290000000 
132049289577140981728391000005909241281003900030000000 
149414640143143201110766000007109241281003900030000000 
151294872554143612888139000008109241281003900100000000 
154400915524144358561700000011309241281003900070000000 
157889712288145287921564000006409241281003900040000000 
160276437464145975956986000004809241281003900050000000 
162946934832146792556159000008409241281003900070000000 
99999 
0706503112067406880153210005178900000000209406200730391
190638997741143491274067000009209229284302800050000000 
193619653791142597929974000009609229284302800100000000 
196846681994141635870631000006009229284302800200000000 
199433585836140870255243000008309229284302800170000000 
201243976985140338292718000011209229284302800030000000 
242849977177130520386729000005309229284302800050000000 
244455819771130300592074000006609229284302800730000000 
247407854321129941341835000006609229284302800670000000 
250500697584129630237610000007709229284302800870000000 
99999 
0802001112067406880153210005183600000000409406201130191
258841038041161912740393000010008962281003700050000000 
262672993324160921706044000010008962281003700100000000 
265156510000160315912455000011208962281003700070000000 
269021467318159433021755000006908962281003700060000000 
272060966172158791905875000012308962281003700160000000 
274725408837158269783145000006108962281003700100000000 
299065057668155352402355000011308962281003700010000000 
301549675853155249354264000008708962281003700160000000 
304090383112155181502867000007808962281003700080000000 
306500207635155151996661000017208962281003700030000000 
310362961662155174758681000013008962281003700070000000 
312496717755155223864196000008408962281003700030000000 
99999 
0606201112067090051353200016143600000000549306105550241
99999 
0606201112067090051353200016143600000000549306105550241
314845005836133933187164000058409820293506700080000072 
315737505770133640234702000054309820293406700210000050 
99999 
0907003112067090051353200016143600000000549306101000141
338535005794136543233155000012709823290707200090000061 
340662505758136078580814000010509823290607200260000064 
343477505814135481042703000011509823290407200130000046 
346652505778134833590022000010009824290107200340000050 
349692505778134243309333000008809825290007200440000071 
351165005810133968835724000004109825289907200060000066 
99999 
1004101112067090051353200016143600000000549306100960161
353097505780136275975325000009609825289807502040000091 
355485005812135366940599000010009824289707503730000081 
357572505782134610093947000008509824289607501310000081 
99999 
0606201112067090051353200016143600000000549306100820191
99999 
0606201112067090051353200016143600000000549306100820191
359492505758129414914199000007809824289607600330000098 
360932505780129626452797000008509824289607600620000090 
363165005734129995120184000008209825289607600010000067 
99999 
0806703112067810680153210012012600000000389401102100171
798819575001148277346558000021209091284908603690000099
99999 
0804601112057840350153200009295800000400459450601140421
857485291833130422721758000009410054286909402200000000 
858530693914130646346385000010110054286909402200000000 
019638817739138972689554000014310054287009401920000000 
