99999 
0806702102087308500153200016511200013100739400001400172
436698348611130279174009000013910032301606212240000048 
438168849100130181476374000013410031301606302410000036 
446167349609130079679037000013410030301406406970000063 
448557849060130189401470000014510029301406412130000045 
450344848443130312975513000014110030301506402920000033 
99999 
0806702102087308500153200016511200013100739403101400211
436698348611130279174009000013910032301606212240000000 
438168849100130181476374000013410031301606302410000000 
446167349609130079679037000013410030301406406970000000 
448557849060130189401470000014510029301406412130000000 
450344848443130312975513000014110030301506402920000000 
99999 
0802001102087821280153210007489300000000219401101120152
422742395606164096217187000010909941299807251480000090 
99999 
0806702102087810680153210010854300000000349401101200221
817344366800140277873990000015709180287006904650000085 
821111375000138710037919000016009180287006904730000049 
823429775000137791587459000015509180287006904450000087 
830007875000135391063862000014809179287006904780000075 
832981075000134410919241000013709179287006904540000064 
007042875000128260391587000007809178286007804610000067 
014330575000128442538294000007309178285708104720000059 
027319815601129730896553000008609178285407904650000090 
038691075001131747140584000009509178285207804290000071 
041722875001132406070482000009409178285207802950000060 
042150775001132502834024000009309178285207802310000041 
99999 
9401601102087845780153210007266700003000419460500661561
752547472553136065956746000006908762287406902150000096 
754022760718136123593457000006508762287406904280000082 
757587085791136312056151000006208762287406901300000074 
760032291219136482031906000005308762287406900530000060 
99999 
0606201102087821280153210007487700000000339401101590352
99999 
0606201102087821280153210007487700000000339401101590352
728680737205139962543072000016309940297808480680000098 
99999 
0606201102087845780153210007268600003000499460500941601
99999 
0606201102087845780153210007268600003000499460500941601
463500086627131208065891000009108738292406602510000064 
466610174037131396786377000009808738292406602210000083 
468925215517131572899566000009408738292406601340000093 
99999 
0606201102087810680153210010853600000000329401101500171
99999 
0606201102087810680153210010853600000000329401101500171
379700075000142063792408000015309163290006205450000045 
458889687800130281017185000012909161291504900190000077 
460409911400130358112604000009909161291505008420000043 
494102075000135772966926000014009160291804705780000067 
496643975000136473892228000013909160291904707710000084 
499271875000137240716360000014909160291904710200000057 
502494675000138238825548000015109160291904708150000068 
505175375000139116603470000015409160292004607540000044 
508217589000140163923278000014909160292104606990000069 
510518003200140991160983000015809160292104502300000034 
520999375000145123911516000018209161292404403510000050 
522635375000145819538446000018609161292404501470000066 
527885175000148135899125000015509161292604500140000065 
528599575000148460574837000017309162292604603160000080 
99999 
0606201102087406880153210005162900000000409406200600251
99999 
0606201102087406880153210005162900000000409406200600251
199577462545149273041206000005309354280104100020000000 
202935375046148240940388000009209354280104100050000000 
205029539189147594026035000006009354280104100010000000 
207320018784146884140618000006009354280104100010000000 
284539937709128890129191000006509354280104100290000000 
286698988627128834560308000005409354280104100670000000 
289371133460128821374994000005909354280104100640000000 
292380387372128881989922000006509354280104100770000000 
295461134313129028795418000006309354280104100300000000 
99999 
9401601102087810680153210010855300000000369401100600261
752482675000136088881686000004909179287206600600000085 
770353475001137995202867000004909179287606600200000077 
779499126000139690402424000005309180287406700120000061 
781048772000140025131272000007909180287306800260000048 
785000518400140939764625000007009180287206800250000059 
787659170201141603715186000006209180287106900410000060 
800164075000145227014626000006409180287106901210000036 
801516375001145665824050000008009180287106900470000053 
99999 
0806702102087825900153200016856000000100249404200330342
301410803071137540012612000003009391282506100210000000 
304464136403136593088559000003309391282705900230000000 
307583136404135656568384000003009392282705900220000000 
310514152126134808288376000002809393282806000240000000 
332115829700129837969240000003009396282705900150000000 
334322329700129489555361000003709396282805900440000000 
340935996367128661320599000002909395282206200200000000 
343644163032128421476674000003309395282206303120000000 
346077496367128257883213000003209395282006302380000000 
99999 
1000703102087810680153210010854300000000349401101200101
790550214999150121455094000016009180287106901360000065 
793140161999148928150210000015209180287106901670000073 
803420174999144309585376000015209180287106901080000079 
805222575000143525747659000013909180287106902250000067 
808227074999142241095470000014209180287106902000000064 
810568774999141260947845000008909180287106900050000097 
815941875000139092494027000013209180287106900490000068 
816720375000138788613730000013209180287006905150000061 
820343775000137412496020000012809180287006904750000055 
822385075000136666873927000012709180287006903610000074 
827881375000134777418155000013309179287006900910000077 
829443075000134274610049000011009179287006905490000061 
831516375000133632163612000010909179287006902920000057 
835491075000132485243622000011109179286906804620000064 
837787275000131876455366000010509179286906804660000096 
005906175000128407440886000007809178286107701250000064 
006301275000128430525480000007909178286007803380000052 
013347575000129126278487000008109178285808004700000068 
026446975001131822920432000009809178285407904510000068 
037521875001135423996488000010909178285207804590000086 
040982975001136770645224000011209178285207805000000058 
050545075001140962362029000014409178285107802430000050 
051466375001141398964904000014309177285107802050000066 
064110175001147852164028000016609176285107704050000049 
99999 
1000703102087821280153210007489300000000219401101730222
431760470006137142167815000017209941299807253850000075 
99999 
9401601102087110041253200015929600001600869309101340411
362135006677145283931876000012808134292105502040000060 
364732506661145527088915000014408134292105503500000061 
367270006663145810739368000012708134292005503390000065 
99999 
0606201102087110041253200015929600001600869309101960431
99999 
0606201102087110041253200015929600001600869309101960431
370565006673147690424452000019508134292005602130000057 
372347506661147502755458000020308134292005600540000057 
99999 
0606201102087110041253200010042800001400339309100910101
99999 
0606201102087110041253200010042800001400339309100910101
386817506653147193003553000007108134292305500020000051 
388465006663147298691256000009108135292405500510000075 
391555006655147575321128000009308134292305500950000064 
393547506653147807706239000008408134292505500390000078 
99999 
0806702102087110041253200010041100000000299309101120041
509905006627136902603303000014608142294105100140000038 
511647506631136378474523000011108143294105102780000056 
514122506619135650683444000011008143294605101870000052 
516920006623134853910977000011008143294805100220000048 
99999 
10007031020870900513532000161350000-1700669304100990281
539045005780146268219966000009909872283510000780000084 
541730005770145750487219000010809872283510000800000054 
544752505782145242442391000010009871283310001530000047 
547085005758144906817035000009109871283310001270000064 
99999 
10007031020870900513532000161350000-1700669304100950241
554062505800144212207710000009109872283310001100000026 
556590005770144079676503000009709872283310001020000063 
559302505766144010123379000010009872283210000500000036 
561225005830144006975851000001109871283210000020000032 
99999 
1000703102087941770153200023547400000000089308100780371
059255040000135211911564000007509547289406502240000048 
061515040000135228155981000008109546289506505360000054 
063328040000135284010454000006809546289506501300000040 
99999 
1000703102087845780153210007268200003000419460501211351
085222107477136232409342000012008719286407902700000057 
088819217503137376395659000011908719286407903930000003 
091452423199138287898269000012008719286407908500000097 
093458290309139022051662000012408719286407902320000064 
99999 
0806702102087941770153200023547400000000089308100480461
065241040000134383256802000004609547289606510470000050 
067486040000134130885293000005009547289506520930000061 
070341040000133837337972000004809548289506418260000064 
99999 
0806702102087845780153210007268100003000419460501211461
062590902434131582098703000011208721286507906030000059 
064523788643131435445827000012008721286507909070000077 
066436740548131309805750000012308721286507903000000059 
99999 
08067021020870900513532000161352000-1900569304101000261
374162505798140689699253000009409873286207602140000097 
376600005744141136136276000009909874286007603650000072 
379177505818141642670612000010109874286007603120000066 
382157505764142273152924000010309874286007602290000069 
99999 
0505101102087821280153210007489300000000219401101390252
418789132806170037737495000013909941299807249120100099
420600433206170292752143000013909941299807229060100063
99999 
0802001102087821280153210007489300000000219401101120152
424414090405164407606798000011209941299807243400100070
427495430006164984670774000011209941299807238410100087
429713149206165402012699000011209941299807228550100077
99999 
0806702102087821280153210007489300000000219401101330302
445640830006136334790513000013309942299407577220100070
99999 
1000703102087821280153210007489300000000219401101730222
433934870005137202406381000017309941299807258830100078
435550980005137252161247000017509941299807225890100082
