99999 
0907003112057941770153200023538700000000099308100750441
263604040000135313400226000005709501296303000340000012 
264754040000135750155961000008609502296303000480000045 
99999 
0907003112057941770153200023538900000000089308100900421
275985040000140528279235000005009502296702900020000046 
277268040000141127781664000010309503296702900400000044 
280021040000142446757934000007809502296902800340000047 
99999 
0706503112057941770153200023539800000000119308100340361
515645040000128222846177000003309486299801900320000056 
516337040000128280981140000003909486299801900100000051 
99999 
0806702112057941770153200023537900000000109308100490421
681522040000134613670146000004909491293402502170000041 
99999 
0806702112057941770153200023537900000000109308100660411
682836040000134611917860000006209492293302409520000055 
685329040000134663096497000006709492293302506790000078 
688342040000134819896242000007509493293202503390000067 
99999 
0806702112057941770153200023538200000000109308100650341
704847040000137456902652000005909494292602101860000061 
706152040000137786357478000006309495292602111700000058 
709542040000138718097710000006409496292402017260000056 
712494040000139615185713000006609495292402118190000059 
715500040000140606278667000006609497292302216380000054 
99999 
0804601112057941770153200023537300000000099308100560381
833653040000131420672405000005209496290304700230000032 
835710040000131066228220000006009496290204801100000022 
838627040000130635863284000005709496290304804450000066 
841478040000130299435218000005509495290304805570000063 
844464040000130038693167000005409495290304904370000058 
99999 
0804601112057941770153200023537300000000099308100480391
859727040000130228118719000004909496290005011720000053 
861591040000130428284859000004609496290004906050000061 
99999 
0804601112051868590153200022227000000000009400001831171
443729477630132686114198000016009801296808700150000000 
444424985978132840074827000020709801296808700160000000 
99999 
0804601112051868590153200022204900000000009400001641201
479252753862144460299796000015909801296408900070000000 
480493611032145000449104000019809801296408900040000000 
99999 
0706503112057406880153210005171600000000409406200730301
284523981083133438229795000007809325279003400280000000 
286451509270132846033457000008009325279003400930000000 
289355724864132002233587000009009325279003400610000000 
292501907709131158298145000007509325279003400690000000 
295142702304130510032055000006709325279003400580000000 
304728635680128665718245000005909325279003401140000000 
307372728139128309021838000006009325279003401690000000 
310498015414127978032842000004309325279003400760000000 
313993961106127727849183000004409325279003400320000000 
315265412326127669013628000003009325279003400050000000 
323213638296127700164320000003409325279003400270000000 
325160417768127814183954000004809325279003400270000000 
328582113340128116768470000006509325279003400940000000 
331700252563128505648641000008609325279003401260000000 
334073227123128873332314000008809325279003400580000000 
341250997372130354839018000006809325279003400230000000 
343336352078130886352903000007909325279003400420000000 
345537196521131494857091000010709325279003400050000000 
359966421820136593038968000005309325279003400020000000 
362115018257137499172340000011909325279003400120000000 
364708516530138636739214000007209325279003400090000000 
368076326402140180235060000011109325279003400100000000 
369778929500140986894654000007309325279003400010000000 
99999 
1004101112057810680153210012015200000000569401100700021
262308675001128867851645000006509117281810002330000058 
99999 
0806702112057810680153210012015200000000599401101300181
370417675001138876314199000013309118283607405240000068 
99999 
1004103112057810680153210012015000000000579401101600031
266756275001147587658560000016309117282010003050000058 
269676675001146310097181000016809118282010004230000052 
270553175001145934225653000016809118282010008070000047 
278795675001142581446265000015809118282110003980000072 
279906075001142156102045000015809118282110016560000042 
365843875001131165709944000012809118283507802320000070 
366189475001131204530493000012509118283507703020000049 
412585827001141076242670000024609112284707300670000052 
99999 
0505001112057840350153200009295700000300479450601050341
791249265766129276297046000009810058288109303810000000 
792598039674129450073183000009810058288109303270000000 
815677688675134691245309000012110056287709401390000000 
816325258454134897991126000012510056287609401410000000 
99999 
0806703112057840350153200009295800000400479450601070511
794337563774128665377501000009710058288109303350000000 
795890452292128646246018000009510057288009304780000000 
854827424221143677825081000011610054287009400490000000 
855646298817144037163616000014610054286909401830000000 
99999 
0804601112057840350153200009295800000400459450601140421
857485291833130422721758000009410054286909402200000000 
858530693914130646346385000010110054286909402200000000 
019638817739138972689554000014310054287009401920000000 
99999 
0806701112057840350153200009295800000400459450601000401
860178931251128071319869000008610053286909403310000000 
862469852543128248865670000008110053286909407200000000 
027331624740133788860346000012210054286909405350000000 
030000365801134561591750000011510054286909402580000000 
99999 
0606201112057406880153210005182900000000409406201070271
99999 
0606201112057406880153210005182900000000409406201070271
838787193780132519790408000012409251281803800130000000 
840922042454133126064965000011909251281803800170000000 
844699009478134270415249000008109251281803800110000000 
847380499164135134226859000010709251281803800180000000 
850588829990136218545468000006109251281803800110000000 
857248010088138622152517000005809251281803800100000000 
859482950256139468349740000012609251281803800140000000 
99999 
10041031120570900513532000161391000-3400809306100970241
620280005786138559419763000009809851288008102100000075 
621455005786138659476065000009609851288008101500000080 
99999 
06062021120570900513532000161391000-3400809306100900241
627900005792136414706922000009009850288008202660000065 
99999 
0706503112057090051353200016137500000500769306101040301
680482505752136920276464000009709844288108101730000082 
682532505812136205198977000010809843288208105010000073 
685282505758135273938105000010209842288208104860000081 
687245005764134630756061000008509842288308100140000067 
99999 
1000701112057090051353200016137500000500769306101180231
689380005756144196017957000007609842288308000090000085 
690330005770143839024245000011809842288208000010000047 
694942505818142185804070000012209841288208000530000064 
697210005776141423284673000011609842288208000590000068 
99999 
1100901112057090051353200016137500000500769306101080251
701630005736130573814938000011609841288307800170000064 
703532505768130982685046000010909841288307801570000084 
705197505752131360315261000007809840288307800090000066 
99999 
0804602112057090051353200016137500000500769306100390361
706587505778130230354061000003909840288307800140000067 
99999 
0804601112057941770153200023536600000000099308100760421
065054040000139523700164000007909509293802702510000043 
067435040000140229191810000007209508293802804920000045 
070489040000141205829938000007709507293802804230000060 
072235040000141798647664000008109507293802800710000056 
99999 
0802001112057941770153200023536600000000099308100390331
074175040000158586676377000003909507293802802350000072 
076306040000158974491100000004009506293802902550000044 
079004040000159500668300000003709506293802901190000041 
99999 
0606201112057406880153210005184300000000479406200800301
99999 
0606201112057406880153210005184300000000479406200800301
026914592021132200206751000008009366280304200010000000 
028541857098132475869424000006009366280304200130000000 
030268103630132782512251000008209366280304200040000000 
035730622469133841770381000007809366280304200120000000 
037154406504134138248250000006509366280304200260000000 
040834030530134939305591000007409366280304200210000000 
043400583574135525242878000005209366280304200210000000 
046677650514136302194829000007009366280304200200000000 
049254103830136933250231000009009366280304200210000000 
052647209244137787967594000008909366280304200250000000 
054194178578138185534371000005609366280304200050000000 
077271701475144458334160000007609366280304200280000000 
079261897345145012569469000009209366280304200300000000 
082433408149145895619228000006509366280304200260000000 
084430222099146450987240000007009366280304200160000000 
99999 
0907003112057941770153200023538400000000089308100610351
194080040000131606991991000006209501294102900270000040 
196637040000130999888486000006709502294302900460000077 
198881040000130503068409000004809502294402900200000038 
99999 
0606203112057810680153210012010800000000469401101400101
193239675001136797561314000014309106279610004020000054 
99999 
0806702112057406880153210005172200000000339406200600271
163606753541152010379146000005509350280803200080000000 
166703996367151769953746000001809350280803200040000000 
168823452445151660296346000003709350280803200060000000 
172833038268151574349795000005309350280803200160000000 
175421588455151602573623000007509350280803200100000000 
178319750248151710928081000005109350280803200070000000 
185505219157152318456157000008109350280803200030000000 
187912291733152625566013000006509350280803200080000000 
190514588962153013131197000004109350280803200070000000 
99999 
0606201112057810680153210012013600000000589401101400121
99999 
0606201112057810680153210012013600000000589401101400121
198433546801129659316218000011609107279710005180000070 
257528275001134559469521000016309116281510005400000051 
258013475001134718506732000018109117281510000240000034 
99999 
0907003112057810680153210012013900000000579401101300171
196398975001128935274701000010009107279610002120000055 
247644075001133424376514000015309115281110003170000032 
99999 
0907002112057810680153210012015300000000559401100600121
259888275001128665812429000006409117281610014500000065 
