99999 
0201201102087841870153200008493900005001241403200690331
841855069937003250122633000001210051290107700020000000 
841943070071003388678306000003510051290107700010000000 
842069070073003667748005000003510051290107700010000000 
842122069972003809207563000003510051290107700010000000 
842275070062004280753475000006810051290107700040000000 
842325069910004451580119000004810051290107700040000000 
842367069892004600308381000010510051290107700020000000 
842416070065004779228660000005410051290107700020000000 
842455070046004925388587000002510051290107700020000000 
842530070035005214708123000007810051290107700040000000 
842589069917005448980200000003810051290107700070000000 
842611070066005537671274000006610051290107700060000000 
842685070048005840734908000007710051290107700090000000 
842719069917005982207863000005110051290107700070000000 
842789069891006277361493000002810050290107700040000000 
842830070062006452430092000005110050290107700090000000 
842874069932006641924334000007810050290107700090000000 
99999 
0201201102087841870153200008488200001000751403200920271
401584070581006952001527000004610048298603600010000000 
401629070290006759013884000004610048298603600010000000 
401736070131006307088049000008110048298603600040000000 
401757070134006219681848000006110048298603600020000000 
401804069962006025784017000003210048298603600020000000 
401875070295005737854528000003110048298603600030000000 
401938070215005488075327000007110048298603600050000000 
401984069903005309551428000007310048298603600120000000 
402023069806005161030062000008810048298603500130000000 
402090070310004912676470000007710048298603500050000000 
402127070034004779626308000009210048298603500250000000 
402169070290004632534414000009010048298603500200000000 
402223070344004450221164000009310048298603500230000000 
402284069895004254635247000007610048298603500150000000 
402329070217004118277398000010710048298603500250000000 
402357070073004037178093000010210048298603500110000000 
402420070066003866275669000010810048298603500160000000 
402478069859003724630560000007010048298603500220000000 
402515070002003642976026000009510048298603500140000000 
402575069960003526380751000007910048298603500090000000 
402627070212003442480808000004810048298603500050000000 
402651069821003409487739000001710048298603500020000000 
402740070037003320798122000004610048298603500010000000 
402844070009003288184416000004610048298603500010000000 
402873069813003293125569000008010048298603500120000000 
402923069962003315961904000011210048298603500260000000 
402974069916003357566239000009710048298603500170000000 
403022069806003413016596000007710048298603500200000000 
403071069736003485120900000007910048298603500200000000 
403114069986003560553142000005810048298603500060000000 
99999 
0201201102087810680153210010854400000000291401100400031
403265975001005321075390000004209163290006000180000028 
404320575001005835593859000003309163290006000820000043 
404355675001005929144521000004209163290006000150000030 
405329975001009433301863000002609163290006000060000035 
405368775001009594649765000003709163290006000180000065 
99999 
0201201102087810680153210010853800000000321401100300991
839943375000006474284442000002409179286906800960000082 
839962575000006408362533000002909179286906801510000077 
840027775000006190024918000003709179286906800400000059 
840074675000006038632601000003709179286906800830000062 
840129875000005867085347000003009179286906800930000077 
840176475000005728306827000003309179286906801110000064 
840223275000005594945293000003309179286906800700000066 
840274775000005455684983000003509179286906800590000088 
840328875000005318510322000003409179286906800450000056 
840378875000005200671985000003009179286906800380000072 
840417975000005114905833000003009179286906800520000059 
840475775000004999046604000003709179286906800200000075 
840515575000004927268979000003309179286906800370000084 
840566975000004844766473000002909179286906800060000085 
840626475000004764335841000002609179286906800480000072 
840668675000004717529862000004109179286906800120000074 
99999 
0201201102087821280153210007488800000000211401100610092
613494420006008984203805000005209938298507909220000075 
613528706805009024262480000005109938298507929430000081 
613573172806009080479973000005809938298507918190000006 
613625284805009152380894000008209938298507903470000092 
613742534805009337103355000005709938298507910760000082 
613781204806009404746620000006509938298507921680000085 
613819164805009474274195000006309938298507910200000085 
613879754806009591494930000007309938298507920610000005 
613926744805009687532507000005609938298507925550000004 
613980674805009803084838000006609938298507926890000014 
614028584805009910359525000005309938298507934170000091 
614073309205010014293207000005409938298507920910000059 
614122653606010133069269000005709938298507903130000070 
614193383605010310535518000004809938298507908880000086 
614224623605010391522863000005809938298507917580000084 
614279013606010536181113000006609938298507910670000070 
614327553606010669066840000006209938298507910500000077 
614376603606010806831901000006409938298507917760000085 
614414493606010915562704000007109938298507901630000075 
99999 
0201201102087821280153210007489800000000261401100540172
557324840005008271638457000004609942298707821210000075 
557368540006008338185891000004709942298707826570000099 
557419900005008422737687000005009942298707825370000086 
557474330006008519600999000005709942298707823210000085 
557521170006008608744931000004709942298707830280000078 
557569590006008706337807000005109942298707826930000097 
557619820006008813227528000004709942298707822760000088 
557669460005008924310384000005209942298707820610000076 
557721724005009046894776000005609942298707816220000092 
557769600405009164058402000005809942298707809020000082 
557824030406009302682978000005809942298707815640000092 
557873760406009434170575000005309942298707813320000085 
557920050406009560534377000005209942298707815860000084 
557968470406009696640426000006009942298707812500000092 
558021360405009849702814000006509942298707809530000084 
558065720406009981462248000005609942298707805360000091 
99999 
020120110208711004125320001004200000-200311309100560811
275126006687005252443208000004808140293104600080000043 
275166006687005211020239000004308140293104600230000029 
275227006693005161747695000005308140293104600300000049 
275275006689005135052784000005708140293104600380000058 
275323006689005119181694000005908140293104600340000055 
275371006685005114235837000006108140293104600240000040 
275426006711005122037844000004508140293104600250000031 
275462006687005134906637000002208140293104600090000048 
275517006685005166305798000008108140293104600110000051 
275588006677005227421256000005408140293104600090000053 
275625006675005268223700000005408140293104600350000041 
275685006683005346981465000005708140293104600250000064 
275719006677005398304650000006308140293104600330000053 
99999 
020120110208711004125320001004200000-200311309100490831
276146006671006391472297000001608140293004700030000044 
276173006675006472158434000006008140293004700080000046 
276229006675006644862430000004108140293004700130000042 
276280006673006808045501000006008140293004700240000034 
276324006671006953032069000004208140293004700430000038 
276371006671007111916024000004808140293004700330000034 
276424006671007295717190000005208140293004700260000046 
276453006677007398239310000004508140293004700060000051 
