99999 
0201201102077825900153200016856100000100231404200140072
509170545947003667456288000001309415277508200160000000 
509226212613003713392452000001109415277708200150000000 
509317712613003830316893000001409415277708200190000000 
509435045947004048863198000001109414277708200150000000 
509568879280004378109265000001409415277708100190000000 
509620045947004522912568000001509415277708100140000000 
509662712613004650589185000001409415277508100130000000 
509773545947005008015161000001609415277708100240000000 
509886379280005403908796000001409415277708100170000000 
509927379280005554435913000001509415277508100150000000 
510027045947005932840039000001109415277708100110000000 
510182712613006553036221000001509415277708100140000000 
510216045947006689663111000001209415277708100120000000 
510325212613007144914514000001409414277508100120000000 
99999 
0201201102077810680153210010853900000000291401100400061
421624275002006184941451000004709129290905100100000037 
421675075002005973052934000003709129290905100180000052 
421726675002005760808799000004309129290905100370000065 
421781375002005539485335000003809129290905100260000056 
421821275002005380695613000003709129290905100280000047 
421876075002005166679800000003509129290905100420000051 
421927575002004970346683000004009129290905100440000053 
421977775002004784006119000004409129290905100300000049 
422023475002004619211166000003909129290905100250000034 
422072775002004447223818000003409129290905100700000042 
422126175002004268539967000004009129290905100230000047 
422179575002004098780954000003609129290905100340000061 
422225275002003961461841000003009129290905100540000035 
422273675002003824970305000003509129290905100220000040 
422325075002003691210762000003709129290905100430000033 
422373275002003577385533000004009129290905100420000043 
422420775002003477307970000003909129290905100450000050 
422472975002003382451632000003309129290905100490000047 
422529075002003299673072000003709129290905100710000051 
422572375002003250304029000003309129290905100410000025 
422626775002003207198198000003409129290905100870000060 
422662475002003190746693000003209129290905100300000043 
99999 
020120110207740313055320000216300000-800321305100390961
600648126905007234706810000003907610295300300010000034 
600678123810007136378298000004607610295300300080000050 
600724125292006988882775000004007610295300300050000053 
600772128227006839474071000003707610295100300080000045 
600810123267006724678910000001007610295100300020000023 
600856124056006590043700000003407610295100300040000022 
600902127053006460448438000000807610295100300020000026 
600964126266006294329390000003907610295100300010000042 
601006126665006187731260000003907610295100300010000027 
601098130202005972379250000003907610295100300010000028 
601100128368005967993820000003907610295100300010000041 
601326127732005561726649000004407610294900300050000045 
601466129096005409565340000003907610294900300010000045 
601538124854005363973060000003907610295000300010000035 
601554128239005356950866000001407610295000300030000040 
601602122674005342759780000003907610295000300010000033 
601698128796005345481831000004107610295000300020000045 
601720124484005351946454000003307610295200300130000030 
601752129171005365217880000003907610295200300010000035 
601844128572005428542451000004507610295200300040000036 
601858125506005441395055000003207610295200300070000035 
601936123474005528111549000002707610295200300060000037 
601994126857005608678001000001307610295300300030000042 
602002127691005620831048000003207610295300300020000016 
602056127288005709236853000002607610295300300030000042 
602206128433006009476304000005307610295300300040000024 
602296123904006224465205000002907610295300300030000030 
602342124417006343394439000004107610295300300020000027 
602432129281006592198576000004607610295300300050000049 
602476127083006721001504000002207610295500300060000020 
602520125547006854161485000004007610295500300070000036 
602566123112006997754838000002207610295500300060000049 
602608126301007132563685000002107610295500300030000025 
602658128550007297349171000004207610295500300060000048 
602700125625007439149850000003907610295500300010000037 
602754126354007625737803000000307610295500300020000036 
99999 
0201201102077824450253210006633800000400411706200640201
013841003387005945627910000007310056298507100060000046 
013883003366006045741797000006610056298507100160000054 
013926003372006153765687000006410056298507100140000049 
014088003373006606024679000007310056298507100030000040 
014209003396006984257705000003710056298507100030000047 
99999 
0201201102077825900153200016856000000000241404100160072
097229351976004202919009000001609406284705300120000000 
097274518643004129024458000001409407284705300210000000 
097466518643003939605700000001809406284705300120000000 
097525851976003924895528000001609406284705400150000000 
99999 
0201201102077841870153200008495200002901101403200740241
015921070316006803710831000003710028287207700010000000 
016089069460006924646554000009710028287207700040000000 
016122069720006959413623000006810028287207700080000000 
016173069542007020008230000005210028287207700060000000 
016230069500007097355585000006710028287207700050000000 
016282069379007176506893000008410028287207700170000000 
016323069509007244509857000007210028287207700200000000 
016381069822007348842877000007110028287207700170000000 
016425069545007434124857000006310028287207700190000000 
016469069663007524498495000007510028287207700140000000 
