99999 
0201202102087841870153200008493900005001241403200610261
840295070102006216206131000003010051290107700010000000 
840365070138005922003772000006610051290107700040000000 
840448069983005580474366000001010051290107700030000000 
840456070067005548025717000002810051290107700020000000 
840531069942005248369802000004410051290107700080000000 
840562069916005127127186000005410051290107700050000000 
840623070252004893622677000006110051290107700110000000 
840666070045004733508727000005110051290107700120000000 
840722069887004531287340000006510051290107700090000000 
840784070085004316835823000002010051290107700030000000 
841132069942003381678878000003010051290107700010000000 
99999 
0201202102087810680153210010854600000000301401100300971
403878775001005546953722000002709163290006000820000053 
403922175001005642938851000003309163290006000650000038 
403965375001005744627234000003609163290006000350000040 
404018875001005878578179000003509163290006000310000051 
404072275001006020567772000003309163290006000380000027 
99999 
0201202102087821280153210007488800000000211401100460132
613281899206009004641222000004509938298507918870000087 
613312931606009047683207000004809938298507909080000085 
99999 
0201202102087821280153210007489800000000261401100620172
557097253606008455191480000005109942298707803740000085 
557122853606008497633290000005809942298707814190000094 
557177853605008594345323000006909942298707811830000098 
557204723605008644276354000005609942298707801420000078 
99999 
020120210208783255015320001661300000080076130010080010 
78051420614400639618364900000770919130450120011000004
78054787007600636749886900000740919130450120014000007
78060573011400632792568400000790919130450120009000005
78065517410400630400146000000820919130450120006000002
78068252613600629472633300001350919230460120003000004
99999 
0201202102087810680153210010853800000000321401100300001
838976975000009121740932000003409179286906801250000080 
839024975000008919976681000003609179286906800670000098 
839076675000008704527020000003309179286906800530000065 
839120375000008524037116000003309179286906800600000052 
839171875000008313384035000003609179286906800490000074 
839226375000008093068704000003309179286906800550000071 
839276975000007891120487000003509179286906800540000085 
839340675000007640775329000002809179286906800870000085 
839372175000007518704636000003109179286906801990000080 
839418775000007340374094000003109179286906800430000069 
839478175000007117258921000003809179286906800330000077 
839512475000006990731739000003509179286906800350000079 
839569575000006784161579000003309179286906800660000094 
839622975000006595940818000003309179286906800830000088 
839681275000006396444992000003309179286906800680000090 
839714075000006287178632000003309179286906800300000068 
839781075000006071215091000003309179286906800330000057 
840848175000004872839996000002709179286906800170000092 
840866375000004899099777000002409179286906802530000097 
840924475000004992805866000003409179286906801320000078 
840979675000005095171050000003409179286906800580000073 
841021675000005181280910000003309179286906800540000049 
841083675000005320579913000003009179286906800440000062 
841126575000005424948818000003109179286906800430000068 
841174275000005548147836000003709179286906800440000073 
841228975000005698079303000003509179286906800330000075 
841279475000005844111918000003209179286906800350000067 
841325975000005984564369000004009179286906800140000077 
841373475000006133538041000002709179286906800130000054 
841438475000006345687379000002409179286906801300000077 
841466875000006441171147000002909179286906802270000072 
841517775000006616234012000003309179286906800730000057 
841560975000006768523156000003609179286906800270000077 
841992675000008433674180000003409179286906800300000070 
842026975000008574532288000002809179286906800470000081 
842078475000008787813871000003709179286906800330000084 
842129675000009001841615000003409179286906800280000061 
842172475000009182171068000003209179286906800310000057 
842233775000009442527708000003609179286906800120000066 
842267575000009587065207000003409179286906800400000071 
842366933600010015625151000002909179286906800540000062 
842422493600010257457759000002809179286906800200000073 
842468238000010457638004000003009179286906800190000061 
99999 
0201202102087825900153200016855800000100231404100130132
077677378722004801188727000001809412282507300150000000 
077722878722004670944282000001509412282507400230000000 
077758045389004575198631000000809412282507300110000000 
077867045389004308901506000001209412282507300220000000 
077981712055004085982544000001209412282507300300000000 
078074378722003955457675000001209412282507200140000000 
078136378722003895433431000001409412282507200100000000 
078179045389003867518745000001709412282507200110000000 
078322378722003856436787000001509412282507200240000000 
078375212055003884620843000001109412282507200190000000 
078413878722003916017753000001309411282507200240000000 
078484378722003995892202000001109411282307300190000000 
078523545389004052370564000001109412282307300140000000 
99999 
020120210208711004125320001004200000-200311309100630801
274487006671005937563824000005208140293304600230000056 
274525006677005848587715000005508140293304600470000070 
274574006677005740843261000005608140293104600450000053 
274625006679005637512309000005908140293104600400000051 
274674006677005547163349000004508140293104600360000059 
274724006675005464451388000008108140293104600330000051 
274774006677005391756360000008308140293104600260000059 
274827006675005326094755000006508140293104600300000052 
274865006675005286477185000006908140293104600210000065 
