99999 
0201202102077941770153200023549300000000081308100120131
857842040000007182624567000001309550289307000040000042 
857863040000007131110558000002009550289307000080000031 
857929040000006976526866000001309550289407000290000069 
857976040000006873522199000001309550289407000180000060 
858012040000006798801413000001009550289407000040000029 
858083040000006662562721000000909550289407000290000048 
858123040000006592591264000001009550289407000380000041 
858172040000006513828864000000909550289407000290000055 
858230040000006430855991000001209550289407000180000041 
858274040000006375580993000001009550289407000300000046 
858324040000006321045509000001109550289407000200000022 
858367040000006281355578000001309550289407000160000051 
858421040000006241161798000001009550289307000380000037 
858471040000006213691952000001309550289307000320000038 
858525040000006194697965000001609550289407000280000065 
858574040000006187137730000001609550289407000270000049 
858624040000006188948436000001309551289306900320000060 
858673040000006200048380000001409551289306900300000037 
858724040000006221350184000001109550289406900280000039 
858761040000006242971777000001409550289406900060000059 
858833040000006299679885000000609550289406900040000075 
858926040000006400772225000001309550289306900170000045 
858974040000006464793460000001209550289306900470000064 
859025040000006541311732000001009550289506900460000035 
859075040000006624536556000001109550289506900390000058 
859131040000006727014906000001109550289406900320000037 
859172040000006808004707000001309550289406900420000043 
859226040000006922028056000001109551289507000430000036 
859272040000007025469521000001109551289507000350000039 
859329040000007161298142000001309550289407000280000044 
859374040000007274218903000001509550289407000280000048 
859419040000007391904563000001409550289407000210000044 
99999 
0201202102071879940153200010167100000000001400002521971
690930134298004039735543000023109588290007202330000000 
690987661276003942456771000025709588290007200710000000 
691095420074003810114943000002809588290007200030000000 
691129042073003783018882000025409588290007200110000000 
691151839070003768644120000028609588290007200020000000 
691245436899003744211288000023009588290007200470000000 
691290715685003752547596000022909588290007201700000000 
691303491083003757271524000022909588290007200640000000 
691481335821003927638218000008409588290007200040000000 
691523014825003994143888000004509588290007200080000000 
691591841975004123833325000022309588290007200190000000 
691632894879004212167787000023409588290007201160000000 
691653929689004260402104000027609588290007200450000000 
691743584991004486778485000023509588290007200850000000 
691755106541004518144925000026609588290007201250000000 
691845218073004779381316000023909588290007201360000000 
691870609986004857699050000027609588290007205100000000 
691927393531005039538448000026409588290007204440000000 
692028594506005384001343000025009588290007201670000000 
692082020414005575010287000024009588290007201400000000 
692115647626005698096702000026009588290007201060000000 
692189394396005975000549000027309588290007200140000000 
692228652610006125953600000027809588290007200070000000 
692272917789006298826654000020609588290007200120000000 
99999 
0201202102077841870153200008491800002200871403200810311
420349069656006994452660000000910018295804000020000000 
420378069459006877747479000008510018295804000190000000 
420425069085006690679532000007910018295804000190000000 
420476069162006490823132000006610018295804000180000000 
420525069429006302163122000008110018295804000240000000 
420580069095006094717340000006910018295804000170000000 
420629069791005914122310000009610018295804000280000000 
420668069703005773494621000009410018295804000170000000 
420724069861005576839785000007610018295804000240000000 
420776069688005400337013000008110018295804000310000000 
420822069820005249592643000007710018295804000200000000 
420871069863005095118746000006610018295804000270000000 
420927069667004927033944000008510018295804000330000000 
420976069789004788077529000008310018295804000340000000 
421024069621004659994734000007210018295804000300000000 
421076069219004531006322000008010018295804000340000000 
421125069047004419536129000008810018295704000290000000 
421174069140004318620409000007910018295704000330000000 
421220069421004234165224000006710018295704000300000000 
421274069213004148567214000009310018295704000240000000 
421325069093004081943043000008410018295704000290000000 
421377069189004028961390000006810018295704000320000000 
421423068958003995158344000008110018295704000330000000 
421471069250003973318990000006910018295704000250000000 
421522069031003965394143000006210018295704000260000000 
421575069223003973933534000007310018295704000230000000 
421620069080003994528778000005610018295704000190000000 
421664069201004026330503000007210018295704000120000000 
421730069131004095038406000005510018295704000020000000 
99999 
0201202102077810680153210010853900000000291401100300061
423242275002005185412872000002809129291005100280000035 
423274175002005309495879000003109129291005101000000040 
423319175002005487319421000003309129291005100550000036 
423367475002005681489386000003409129291005100210000050 
423424475002005914580174000003309129291005100300000029 
423476375002006130134784000003909129291005100260000039 
423537175002006386224336000003509129291005100380000040 
423568975002006521554025000003209129291005100390000042 
423626875002006770166516000004809129291005100200000043 
423667975002006948229942000002709129291005100430000061 
423735375002007242795225000003609129291005100330000040 
423753875002007324159876000003509129291005100100000046 
424011775002008477083096000004609129291005100110000036 
99999 
0201202102077825900153200016856100000100231404200090122
507774938826006144060826000001009415277508200140000000 
507832938826005918918154000001009415277508200130000000 
507875772159005755974514000001109414277508200170000000 
507915938826005605992835000001009414277508200150000000 
507990272159005336428846000000809415277508200110000000 
508322105492004306362191000001009415277508200110000000 
508378438826004169436034000000909415277508200120000000 
508427272159004062235504000000809415277508200200000000 
508476438826003966018725000000909415277508200110000000 
508534938826003868063208000000709415277508200130000000 
508628605492003751881016000000709415277508200100000000 
508673105492003715399559000000909415277508200150000000 
99999 
0201202102077841870153200008490800000800861403200760371
859321069881006764128405000010710026290906500040000000 
859386070675006516435496000009010026290906500030000000 
859443070458006304394926000003810026290906500010000000 
859464070581006227596263000003710026290906500040000000 
859525070185006008901108000008110026290906500130000000 
859575070418005834902895000004810026290906500060000000 
859629070320005652858246000004410026290906500060000000 
859678070115005493447168000005810026290906500130000000 
859719070473005364657420000006810026290906500110000000 
859772070202005204920760000007810026290906500250000000 
859828070372005045148307000008210026290906500220000000 
859874070311004921457650000008510026290906500190000000 
859924070207004795398281000007510026290906500170000000 
859976070034004674305639000006710026290906500280000000 
860025069860004570259659000007210026290906500310000000 
860074070000004476672561000007810026290906500390000000 
860122069860004395782817000006110026290906500340000000 
860173069812004322210268000008010026290906500240000000 
860214069849004272747577000007110026290906500140000000 
860267069627004222127952000006110026290906500070000000 
860317069716004188589090000005410026290906500040000000 
860382070083004166166036000008310026290906500110000000 
99999 
0201202102071824810153200020505000004300741702202560071
803191913250004130304804000024409906294707600050000043 
803374262160003602124607000028909906294707600020000053 
803568272920003224497646000025609906294707600010000072 
804721736770005716384148000025609906294707600010000072 
99999 
0201202102077824450253210006633800000400411706200700181
012223003368006496496376000005610056298507200140000051 
012278003378006344561749000006110056298507200070000049 
012369003368006111289874000009310056298507200070000052 
012673003385005527993458000008210056298507200130000054 
012724003372005464432600000004710056298507200140000026 
012775003372005411831172000007610056298507200270000037 
012827003386005369817599000005410056298507200170000064 
012873003356005342654529000006710056298507200220000045 
012931003381005322020105000006310056298507200140000010 
012979003391005316544025000006810056298507200190000048 
013016003385005319520346000007310056298507200100000024 
99999 
0201202102077841870153200008495200002901101403200760271
014827069445007463830791000008010028287307700030000000 
014870070046007375003477000006610028287307700050000000 
014930069903007259304393000005710028287307700070000000 
014976069904007177368175000004910028287307700070000000 
015022069784007101531698000008110028287307700050000000 
015075069885007021975260000004810028287307700030000000 
015140069894006936242730000010010028287307700040000000 
015179069853006891252973000005510028287307700070000000 
015229070008006840836367000003810028287307700010000000 
015274069774006802577067000003210028287307700050000000 
015336069832006761121657000008310028287307700030000000 
015380069818006739734832000006410028287307700070000000 
015437069819006722062694000009510028287307700030000000 
015497069801006715780991000003810028287307700010000000 
015530069968006717726711000008610028287307700060000000 
015560069941006722819405000010610028287307700020000000 
